(kicad_pcb (version 20171130) (host pcbnew "(5.1.4)-1")

  (general
    (thickness 1.6)
    (drawings 74)
    (tracks 0)
    (zones 0)
    (modules 174)
    (nets 152)
  )

  (page A4)
  (layers
    (0 F.Cu signal)
    (31 B.Cu signal)
    (32 B.Adhes user)
    (33 F.Adhes user)
    (34 B.Paste user)
    (35 F.Paste user)
    (36 B.SilkS user)
    (37 F.SilkS user)
    (38 B.Mask user)
    (39 F.Mask user)
    (40 Dwgs.User user)
    (41 Cmts.User user)
    (42 Eco1.User user)
    (43 Eco2.User user)
    (44 Edge.Cuts user)
    (45 Margin user)
    (46 B.CrtYd user)
    (47 F.CrtYd user)
    (48 B.Fab user)
    (49 F.Fab user)
  )

  (setup
    (last_trace_width 0.25)
    (trace_clearance 0.2)
    (zone_clearance 0.508)
    (zone_45_only no)
    (trace_min 0.2)
    (via_size 0.8)
    (via_drill 0.4)
    (via_min_size 0.4)
    (via_min_drill 0.3)
    (uvia_size 0.3)
    (uvia_drill 0.1)
    (uvias_allowed no)
    (uvia_min_size 0.2)
    (uvia_min_drill 0.1)
    (edge_width 0.1)
    (segment_width 0.2)
    (pcb_text_width 0.3)
    (pcb_text_size 1.5 1.5)
    (mod_edge_width 0.15)
    (mod_text_size 1 1)
    (mod_text_width 0.15)
    (pad_size 1.5 1.5)
    (pad_drill 0.6)
    (pad_to_mask_clearance 0)
    (solder_mask_min_width 0.25)
    (aux_axis_origin 17.272 176.53)
    (grid_origin 17.272 176.53)
    (visible_elements 7FFFF7FF)
    (pcbplotparams
      (layerselection 0x010fc_ffffffff)
      (usegerberextensions false)
      (usegerberattributes false)
      (usegerberadvancedattributes false)
      (creategerberjobfile false)
      (excludeedgelayer true)
      (linewidth 0.100000)
      (plotframeref false)
      (viasonmask false)
      (mode 1)
      (useauxorigin false)
      (hpglpennumber 1)
      (hpglpenspeed 20)
      (hpglpendiameter 15.000000)
      (psnegative false)
      (psa4output false)
      (plotreference true)
      (plotvalue true)
      (plotinvisibletext false)
      (padsonsilk false)
      (subtractmaskfromsilk false)
      (outputformat 1)
      (mirror false)
      (drillshape 0)
      (scaleselection 1)
      (outputdirectory "manufacturing/"))
  )

  (net 0 "")
  (net 1 +5V)
  (net 2 SDA)
  (net 3 SCL)
  (net 4 IRQ)
  (net 5 GND)
  (net 6 "Net-(U2-Pad10)")
  (net 7 "Net-(U2-Pad11)")
  (net 8 "Net-(U2-Pad12)")
  (net 9 "Net-(U3-Pad12)")
  (net 10 "Net-(U3-Pad11)")
  (net 11 "Net-(U3-Pad10)")
  (net 12 "Net-(U4-Pad12)")
  (net 13 "Net-(U4-Pad11)")
  (net 14 "Net-(U4-Pad10)")
  (net 15 /+5V_SUPPLY)
  (net 16 GNDA)
  (net 17 "Net-(D1-Pad1)")
  (net 18 "Net-(D2-Pad2)")
  (net 19 /DIN)
  (net 20 "Net-(D3-Pad2)")
  (net 21 "Net-(D4-Pad2)")
  (net 22 "Net-(D5-Pad2)")
  (net 23 "Net-(D6-Pad2)")
  (net 24 "Net-(D7-Pad2)")
  (net 25 "Net-(D8-Pad2)")
  (net 26 "Net-(D10-Pad4)")
  (net 27 "Net-(D10-Pad2)")
  (net 28 /DOUT1)
  (net 29 "Net-(D12-Pad2)")
  (net 30 "Net-(D13-Pad2)")
  (net 31 "Net-(D14-Pad2)")
  (net 32 "Net-(D15-Pad2)")
  (net 33 "Net-(D16-Pad2)")
  (net 34 "Net-(D17-Pad2)")
  (net 35 "Net-(D18-Pad2)")
  (net 36 "Net-(D19-Pad2)")
  (net 37 "Net-(D20-Pad2)")
  (net 38 /DOUT2)
  (net 39 "Net-(D22-Pad2)")
  (net 40 "Net-(D23-Pad2)")
  (net 41 "Net-(D24-Pad2)")
  (net 42 "Net-(D25-Pad2)")
  (net 43 "Net-(D26-Pad2)")
  (net 44 "Net-(D27-Pad2)")
  (net 45 "Net-(D28-Pad2)")
  (net 46 "Net-(D29-Pad2)")
  (net 47 "Net-(D30-Pad2)")
  (net 48 /DOUT3)
  (net 49 "Net-(D32-Pad2)")
  (net 50 "Net-(D33-Pad2)")
  (net 51 "Net-(D34-Pad2)")
  (net 52 "Net-(D35-Pad2)")
  (net 53 "Net-(D36-Pad2)")
  (net 54 "Net-(D37-Pad2)")
  (net 55 "Net-(D38-Pad2)")
  (net 56 "Net-(D39-Pad2)")
  (net 57 "Net-(D40-Pad2)")
  (net 58 /DOUT4)
  (net 59 "Net-(D42-Pad2)")
  (net 60 "Net-(D43-Pad2)")
  (net 61 "Net-(D44-Pad2)")
  (net 62 "Net-(D45-Pad2)")
  (net 63 "Net-(D46-Pad2)")
  (net 64 "Net-(D47-Pad2)")
  (net 65 "Net-(D48-Pad2)")
  (net 66 "Net-(D49-Pad2)")
  (net 67 "Net-(D50-Pad2)")
  (net 68 /DOUT5)
  (net 69 "Net-(D52-Pad2)")
  (net 70 "Net-(D53-Pad2)")
  (net 71 "Net-(D54-Pad2)")
  (net 72 "Net-(D55-Pad2)")
  (net 73 "Net-(D56-Pad2)")
  (net 74 "Net-(D57-Pad2)")
  (net 75 "Net-(D58-Pad2)")
  (net 76 "Net-(D59-Pad2)")
  (net 77 "Net-(D60-Pad2)")
  (net 78 /DOUT6)
  (net 79 "Net-(D62-Pad2)")
  (net 80 "Net-(D63-Pad2)")
  (net 81 "Net-(D64-Pad2)")
  (net 82 "Net-(D65-Pad2)")
  (net 83 "Net-(D66-Pad2)")
  (net 84 "Net-(D67-Pad2)")
  (net 85 "Net-(D68-Pad2)")
  (net 86 "Net-(D69-Pad2)")
  (net 87 "Net-(D70-Pad2)")
  (net 88 /DOUT7)
  (net 89 "Net-(D72-Pad2)")
  (net 90 "Net-(D73-Pad2)")
  (net 91 "Net-(D74-Pad2)")
  (net 92 "Net-(D75-Pad2)")
  (net 93 "Net-(D76-Pad2)")
  (net 94 "Net-(D77-Pad2)")
  (net 95 "Net-(D78-Pad2)")
  (net 96 "Net-(D79-Pad2)")
  (net 97 "Net-(D80-Pad2)")
  (net 98 /DOUT8)
  (net 99 "Net-(D82-Pad2)")
  (net 100 "Net-(D83-Pad2)")
  (net 101 "Net-(D84-Pad2)")
  (net 102 "Net-(D85-Pad2)")
  (net 103 "Net-(D86-Pad2)")
  (net 104 "Net-(D87-Pad2)")
  (net 105 "Net-(D88-Pad2)")
  (net 106 "Net-(D89-Pad2)")
  (net 107 "Net-(D90-Pad2)")
  (net 108 /DOUT9)
  (net 109 "Net-(D92-Pad2)")
  (net 110 "Net-(D93-Pad2)")
  (net 111 "Net-(D94-Pad2)")
  (net 112 "Net-(D95-Pad2)")
  (net 113 "Net-(D96-Pad2)")
  (net 114 "Net-(D97-Pad2)")
  (net 115 "Net-(D98-Pad2)")
  (net 116 "Net-(D100-Pad4)")
  (net 117 "Net-(D100-Pad2)")
  (net 118 /DOUT10)
  (net 119 "Net-(D102-Pad2)")
  (net 120 "Net-(D103-Pad2)")
  (net 121 "Net-(D104-Pad2)")
  (net 122 "Net-(D105-Pad2)")
  (net 123 "Net-(D106-Pad2)")
  (net 124 "Net-(D107-Pad2)")
  (net 125 "Net-(D108-Pad2)")
  (net 126 "Net-(D109-Pad2)")
  (net 127 "Net-(D110-Pad2)")
  (net 128 /DOUT)
  (net 129 "Net-(SW1-Pad1)")
  (net 130 "Net-(SW2-Pad1)")
  (net 131 "Net-(SW3-Pad1)")
  (net 132 "Net-(SW4-Pad1)")
  (net 133 "Net-(SW5-Pad1)")
  (net 134 "Net-(SW6-Pad1)")
  (net 135 "Net-(SW7-Pad1)")
  (net 136 "Net-(SW8-Pad1)")
  (net 137 "Net-(SW9-Pad1)")
  (net 138 "Net-(SW10-Pad1)")
  (net 139 "Net-(SW11-Pad1)")
  (net 140 "Net-(SW12-Pad1)")
  (net 141 "Net-(SW13-Pad1)")
  (net 142 "Net-(SW14-Pad1)")
  (net 143 "Net-(SW15-Pad1)")
  (net 144 "Net-(SW16-Pad1)")
  (net 145 "Net-(SW17-Pad1)")
  (net 146 "Net-(SW18-Pad1)")
  (net 147 "Net-(SW19-Pad1)")
  (net 148 "Net-(SW20-Pad1)")
  (net 149 "Net-(U1-Pad12)")
  (net 150 "Net-(U1-Pad11)")
  (net 151 "Net-(U1-Pad10)")

  (net_class Default "This is the default net class."
    (clearance 0.2)
    (trace_width 0.25)
    (via_dia 0.8)
    (via_drill 0.4)
    (uvia_dia 0.3)
    (uvia_drill 0.1)
    (add_net +5V)
    (add_net /+5V_SUPPLY)
    (add_net /DIN)
    (add_net /DOUT)
    (add_net /DOUT1)
    (add_net /DOUT10)
    (add_net /DOUT2)
    (add_net /DOUT3)
    (add_net /DOUT4)
    (add_net /DOUT5)
    (add_net /DOUT6)
    (add_net /DOUT7)
    (add_net /DOUT8)
    (add_net /DOUT9)
    (add_net GND)
    (add_net GNDA)
    (add_net IRQ)
    (add_net "Net-(D1-Pad1)")
    (add_net "Net-(D10-Pad2)")
    (add_net "Net-(D10-Pad4)")
    (add_net "Net-(D100-Pad2)")
    (add_net "Net-(D100-Pad4)")
    (add_net "Net-(D102-Pad2)")
    (add_net "Net-(D103-Pad2)")
    (add_net "Net-(D104-Pad2)")
    (add_net "Net-(D105-Pad2)")
    (add_net "Net-(D106-Pad2)")
    (add_net "Net-(D107-Pad2)")
    (add_net "Net-(D108-Pad2)")
    (add_net "Net-(D109-Pad2)")
    (add_net "Net-(D110-Pad2)")
    (add_net "Net-(D12-Pad2)")
    (add_net "Net-(D13-Pad2)")
    (add_net "Net-(D14-Pad2)")
    (add_net "Net-(D15-Pad2)")
    (add_net "Net-(D16-Pad2)")
    (add_net "Net-(D17-Pad2)")
    (add_net "Net-(D18-Pad2)")
    (add_net "Net-(D19-Pad2)")
    (add_net "Net-(D2-Pad2)")
    (add_net "Net-(D20-Pad2)")
    (add_net "Net-(D22-Pad2)")
    (add_net "Net-(D23-Pad2)")
    (add_net "Net-(D24-Pad2)")
    (add_net "Net-(D25-Pad2)")
    (add_net "Net-(D26-Pad2)")
    (add_net "Net-(D27-Pad2)")
    (add_net "Net-(D28-Pad2)")
    (add_net "Net-(D29-Pad2)")
    (add_net "Net-(D3-Pad2)")
    (add_net "Net-(D30-Pad2)")
    (add_net "Net-(D32-Pad2)")
    (add_net "Net-(D33-Pad2)")
    (add_net "Net-(D34-Pad2)")
    (add_net "Net-(D35-Pad2)")
    (add_net "Net-(D36-Pad2)")
    (add_net "Net-(D37-Pad2)")
    (add_net "Net-(D38-Pad2)")
    (add_net "Net-(D39-Pad2)")
    (add_net "Net-(D4-Pad2)")
    (add_net "Net-(D40-Pad2)")
    (add_net "Net-(D42-Pad2)")
    (add_net "Net-(D43-Pad2)")
    (add_net "Net-(D44-Pad2)")
    (add_net "Net-(D45-Pad2)")
    (add_net "Net-(D46-Pad2)")
    (add_net "Net-(D47-Pad2)")
    (add_net "Net-(D48-Pad2)")
    (add_net "Net-(D49-Pad2)")
    (add_net "Net-(D5-Pad2)")
    (add_net "Net-(D50-Pad2)")
    (add_net "Net-(D52-Pad2)")
    (add_net "Net-(D53-Pad2)")
    (add_net "Net-(D54-Pad2)")
    (add_net "Net-(D55-Pad2)")
    (add_net "Net-(D56-Pad2)")
    (add_net "Net-(D57-Pad2)")
    (add_net "Net-(D58-Pad2)")
    (add_net "Net-(D59-Pad2)")
    (add_net "Net-(D6-Pad2)")
    (add_net "Net-(D60-Pad2)")
    (add_net "Net-(D62-Pad2)")
    (add_net "Net-(D63-Pad2)")
    (add_net "Net-(D64-Pad2)")
    (add_net "Net-(D65-Pad2)")
    (add_net "Net-(D66-Pad2)")
    (add_net "Net-(D67-Pad2)")
    (add_net "Net-(D68-Pad2)")
    (add_net "Net-(D69-Pad2)")
    (add_net "Net-(D7-Pad2)")
    (add_net "Net-(D70-Pad2)")
    (add_net "Net-(D72-Pad2)")
    (add_net "Net-(D73-Pad2)")
    (add_net "Net-(D74-Pad2)")
    (add_net "Net-(D75-Pad2)")
    (add_net "Net-(D76-Pad2)")
    (add_net "Net-(D77-Pad2)")
    (add_net "Net-(D78-Pad2)")
    (add_net "Net-(D79-Pad2)")
    (add_net "Net-(D8-Pad2)")
    (add_net "Net-(D80-Pad2)")
    (add_net "Net-(D82-Pad2)")
    (add_net "Net-(D83-Pad2)")
    (add_net "Net-(D84-Pad2)")
    (add_net "Net-(D85-Pad2)")
    (add_net "Net-(D86-Pad2)")
    (add_net "Net-(D87-Pad2)")
    (add_net "Net-(D88-Pad2)")
    (add_net "Net-(D89-Pad2)")
    (add_net "Net-(D90-Pad2)")
    (add_net "Net-(D92-Pad2)")
    (add_net "Net-(D93-Pad2)")
    (add_net "Net-(D94-Pad2)")
    (add_net "Net-(D95-Pad2)")
    (add_net "Net-(D96-Pad2)")
    (add_net "Net-(D97-Pad2)")
    (add_net "Net-(D98-Pad2)")
    (add_net "Net-(SW1-Pad1)")
    (add_net "Net-(SW10-Pad1)")
    (add_net "Net-(SW11-Pad1)")
    (add_net "Net-(SW12-Pad1)")
    (add_net "Net-(SW13-Pad1)")
    (add_net "Net-(SW14-Pad1)")
    (add_net "Net-(SW15-Pad1)")
    (add_net "Net-(SW16-Pad1)")
    (add_net "Net-(SW17-Pad1)")
    (add_net "Net-(SW18-Pad1)")
    (add_net "Net-(SW19-Pad1)")
    (add_net "Net-(SW2-Pad1)")
    (add_net "Net-(SW20-Pad1)")
    (add_net "Net-(SW3-Pad1)")
    (add_net "Net-(SW4-Pad1)")
    (add_net "Net-(SW5-Pad1)")
    (add_net "Net-(SW6-Pad1)")
    (add_net "Net-(SW7-Pad1)")
    (add_net "Net-(SW8-Pad1)")
    (add_net "Net-(SW9-Pad1)")
    (add_net "Net-(U1-Pad10)")
    (add_net "Net-(U1-Pad11)")
    (add_net "Net-(U1-Pad12)")
    (add_net "Net-(U2-Pad10)")
    (add_net "Net-(U2-Pad11)")
    (add_net "Net-(U2-Pad12)")
    (add_net "Net-(U3-Pad10)")
    (add_net "Net-(U3-Pad11)")
    (add_net "Net-(U3-Pad12)")
    (add_net "Net-(U4-Pad10)")
    (add_net "Net-(U4-Pad11)")
    (add_net "Net-(U4-Pad12)")
    (add_net SCL)
    (add_net SDA)
  )

  (module Connector_Molex:Molex_KK-254_AE-6410-05A_1x05_P2.54mm_Vertical (layer B.Cu) (tedit 5B78013E) (tstamp 5BE28C23)
    (at 116.332 11.43 270)
    (descr "Molex KK-254 Interconnect System, old/engineering part number: AE-6410-05A example for new part number: 22-27-2051, 5 Pins (http://www.molex.com/pdm_docs/sd/022272021_sd.pdf), generated with kicad-footprint-generator")
    (tags "connector Molex KK-254 side entry")
    (path /5BD700A9)
    (fp_text reference J1 (at 5.08 -4.572 270) (layer B.SilkS)
      (effects (font (size 1 1) (thickness 0.15)) (justify mirror))
    )
    (fp_text value ExpansionPort (at 5.08 -4.08 270) (layer B.Fab)
      (effects (font (size 1 1) (thickness 0.15)) (justify mirror))
    )
    (fp_line (start -1.27 2.92) (end -1.27 -2.88) (layer B.Fab) (width 0.1))
    (fp_line (start -1.27 -2.88) (end 11.43 -2.88) (layer B.Fab) (width 0.1))
    (fp_line (start 11.43 -2.88) (end 11.43 2.92) (layer B.Fab) (width 0.1))
    (fp_line (start 11.43 2.92) (end -1.27 2.92) (layer B.Fab) (width 0.1))
    (fp_line (start -1.38 3.03) (end -1.38 -2.99) (layer B.SilkS) (width 0.12))
    (fp_line (start -1.38 -2.99) (end 11.54 -2.99) (layer B.SilkS) (width 0.12))
    (fp_line (start 11.54 -2.99) (end 11.54 3.03) (layer B.SilkS) (width 0.12))
    (fp_line (start 11.54 3.03) (end -1.38 3.03) (layer B.SilkS) (width 0.12))
    (fp_line (start -1.67 2) (end -1.67 -2) (layer B.SilkS) (width 0.12))
    (fp_line (start -1.27 0.5) (end -0.562893 0) (layer B.Fab) (width 0.1))
    (fp_line (start -0.562893 0) (end -1.27 -0.5) (layer B.Fab) (width 0.1))
    (fp_line (start 0 -2.99) (end 0 -1.99) (layer B.SilkS) (width 0.12))
    (fp_line (start 0 -1.99) (end 10.16 -1.99) (layer B.SilkS) (width 0.12))
    (fp_line (start 10.16 -1.99) (end 10.16 -2.99) (layer B.SilkS) (width 0.12))
    (fp_line (start 0 -1.99) (end 0.25 -1.46) (layer B.SilkS) (width 0.12))
    (fp_line (start 0.25 -1.46) (end 9.91 -1.46) (layer B.SilkS) (width 0.12))
    (fp_line (start 9.91 -1.46) (end 10.16 -1.99) (layer B.SilkS) (width 0.12))
    (fp_line (start 0.25 -2.99) (end 0.25 -1.99) (layer B.SilkS) (width 0.12))
    (fp_line (start 9.91 -2.99) (end 9.91 -1.99) (layer B.SilkS) (width 0.12))
    (fp_line (start -0.8 3.03) (end -0.8 2.43) (layer B.SilkS) (width 0.12))
    (fp_line (start -0.8 2.43) (end 0.8 2.43) (layer B.SilkS) (width 0.12))
    (fp_line (start 0.8 2.43) (end 0.8 3.03) (layer B.SilkS) (width 0.12))
    (fp_line (start 1.74 3.03) (end 1.74 2.43) (layer B.SilkS) (width 0.12))
    (fp_line (start 1.74 2.43) (end 3.34 2.43) (layer B.SilkS) (width 0.12))
    (fp_line (start 3.34 2.43) (end 3.34 3.03) (layer B.SilkS) (width 0.12))
    (fp_line (start 4.28 3.03) (end 4.28 2.43) (layer B.SilkS) (width 0.12))
    (fp_line (start 4.28 2.43) (end 5.88 2.43) (layer B.SilkS) (width 0.12))
    (fp_line (start 5.88 2.43) (end 5.88 3.03) (layer B.SilkS) (width 0.12))
    (fp_line (start 6.82 3.03) (end 6.82 2.43) (layer B.SilkS) (width 0.12))
    (fp_line (start 6.82 2.43) (end 8.42 2.43) (layer B.SilkS) (width 0.12))
    (fp_line (start 8.42 2.43) (end 8.42 3.03) (layer B.SilkS) (width 0.12))
    (fp_line (start 9.36 3.03) (end 9.36 2.43) (layer B.SilkS) (width 0.12))
    (fp_line (start 9.36 2.43) (end 10.96 2.43) (layer B.SilkS) (width 0.12))
    (fp_line (start 10.96 2.43) (end 10.96 3.03) (layer B.SilkS) (width 0.12))
    (fp_line (start -1.77 3.42) (end -1.77 -3.38) (layer B.CrtYd) (width 0.05))
    (fp_line (start -1.77 -3.38) (end 11.93 -3.38) (layer B.CrtYd) (width 0.05))
    (fp_line (start 11.93 -3.38) (end 11.93 3.42) (layer B.CrtYd) (width 0.05))
    (fp_line (start 11.93 3.42) (end -1.77 3.42) (layer B.CrtYd) (width 0.05))
    (fp_text user %R (at 5.08 2.22 270) (layer B.Fab)
      (effects (font (size 1 1) (thickness 0.15)) (justify mirror))
    )
    (pad 1 thru_hole roundrect (at 0 0 270) (size 1.74 2.2) (drill 1.2) (layers *.Cu *.Mask) (roundrect_rratio 0.143678)
      (net 1 +5V))
    (pad 2 thru_hole oval (at 2.54 0 270) (size 1.74 2.2) (drill 1.2) (layers *.Cu *.Mask)
      (net 2 SDA))
    (pad 3 thru_hole oval (at 5.08 0 270) (size 1.74 2.2) (drill 1.2) (layers *.Cu *.Mask)
      (net 3 SCL))
    (pad 4 thru_hole oval (at 7.62 0 270) (size 1.74 2.2) (drill 1.2) (layers *.Cu *.Mask)
      (net 4 IRQ))
    (pad 5 thru_hole oval (at 10.16 0 270) (size 1.74 2.2) (drill 1.2) (layers *.Cu *.Mask)
      (net 5 GND))
    (model ${KISYS3DMOD}/Connector_Molex.3dshapes/Molex_KK-254_AE-6410-05A_1x05_P2.54mm_Vertical.wrl
      (at (xyz 0 0 0))
      (scale (xyz 1 1 1))
      (rotate (xyz 0 0 0))
    )
  )

  (module Capacitor_SMD:C_0805_2012Metric_Pad1.15x1.40mm_HandSolder (layer B.Cu) (tedit 5B36C52B) (tstamp 5DB19055)
    (at 108.1024 35.433)
    (descr "Capacitor SMD 0805 (2012 Metric), square (rectangular) end terminal, IPC_7351 nominal with elongated pad for handsoldering. (Body size source: https://docs.google.com/spreadsheets/d/1BsfQQcO9C6DZCsRaXUlFlo91Tg2WpOkGARC1WS5S8t0/edit?usp=sharing), generated with kicad-footprint-generator")
    (tags "capacitor handsolder")
    (path /5DB2DF4E)
    (attr smd)
    (fp_text reference C1 (at 0 1.65) (layer B.SilkS)
      (effects (font (size 1 1) (thickness 0.15)) (justify mirror))
    )
    (fp_text value 47uF (at 0 -1.65) (layer B.Fab)
      (effects (font (size 1 1) (thickness 0.15)) (justify mirror))
    )
    (fp_line (start -1 -0.6) (end -1 0.6) (layer B.Fab) (width 0.1))
    (fp_line (start -1 0.6) (end 1 0.6) (layer B.Fab) (width 0.1))
    (fp_line (start 1 0.6) (end 1 -0.6) (layer B.Fab) (width 0.1))
    (fp_line (start 1 -0.6) (end -1 -0.6) (layer B.Fab) (width 0.1))
    (fp_line (start -0.261252 0.71) (end 0.261252 0.71) (layer B.SilkS) (width 0.12))
    (fp_line (start -0.261252 -0.71) (end 0.261252 -0.71) (layer B.SilkS) (width 0.12))
    (fp_line (start -1.85 -0.95) (end -1.85 0.95) (layer B.CrtYd) (width 0.05))
    (fp_line (start -1.85 0.95) (end 1.85 0.95) (layer B.CrtYd) (width 0.05))
    (fp_line (start 1.85 0.95) (end 1.85 -0.95) (layer B.CrtYd) (width 0.05))
    (fp_line (start 1.85 -0.95) (end -1.85 -0.95) (layer B.CrtYd) (width 0.05))
    (fp_text user %R (at 0 0) (layer B.Fab)
      (effects (font (size 0.5 0.5) (thickness 0.08)) (justify mirror))
    )
    (pad 1 smd roundrect (at -1.025 0) (size 1.15 1.4) (layers B.Cu B.Paste B.Mask) (roundrect_rratio 0.217391)
      (net 1 +5V))
    (pad 2 smd roundrect (at 1.025 0) (size 1.15 1.4) (layers B.Cu B.Paste B.Mask) (roundrect_rratio 0.217391)
      (net 5 GND))
    (model ${KISYS3DMOD}/Capacitor_SMD.3dshapes/C_0805_2012Metric.wrl
      (at (xyz 0 0 0))
      (scale (xyz 1 1 1))
      (rotate (xyz 0 0 0))
    )
  )

  (module Capacitor_SMD:C_0805_2012Metric_Pad1.15x1.40mm_HandSolder (layer B.Cu) (tedit 5B36C52B) (tstamp 5DB19066)
    (at 31.5722 93.1418 90)
    (descr "Capacitor SMD 0805 (2012 Metric), square (rectangular) end terminal, IPC_7351 nominal with elongated pad for handsoldering. (Body size source: https://docs.google.com/spreadsheets/d/1BsfQQcO9C6DZCsRaXUlFlo91Tg2WpOkGARC1WS5S8t0/edit?usp=sharing), generated with kicad-footprint-generator")
    (tags "capacitor handsolder")
    (path /5FBFD118)
    (attr smd)
    (fp_text reference C2 (at 0 1.65 90) (layer B.SilkS)
      (effects (font (size 1 1) (thickness 0.15)) (justify mirror))
    )
    (fp_text value 47uF (at 0 -1.65 90) (layer B.Fab)
      (effects (font (size 1 1) (thickness 0.15)) (justify mirror))
    )
    (fp_line (start 1.85 -0.95) (end -1.85 -0.95) (layer B.CrtYd) (width 0.05))
    (fp_line (start 1.85 0.95) (end 1.85 -0.95) (layer B.CrtYd) (width 0.05))
    (fp_line (start -1.85 0.95) (end 1.85 0.95) (layer B.CrtYd) (width 0.05))
    (fp_line (start -1.85 -0.95) (end -1.85 0.95) (layer B.CrtYd) (width 0.05))
    (fp_line (start -0.261252 -0.71) (end 0.261252 -0.71) (layer B.SilkS) (width 0.12))
    (fp_line (start -0.261252 0.71) (end 0.261252 0.71) (layer B.SilkS) (width 0.12))
    (fp_line (start 1 -0.6) (end -1 -0.6) (layer B.Fab) (width 0.1))
    (fp_line (start 1 0.6) (end 1 -0.6) (layer B.Fab) (width 0.1))
    (fp_line (start -1 0.6) (end 1 0.6) (layer B.Fab) (width 0.1))
    (fp_line (start -1 -0.6) (end -1 0.6) (layer B.Fab) (width 0.1))
    (fp_text user %R (at 0 0 90) (layer B.Fab)
      (effects (font (size 0.5 0.5) (thickness 0.08)) (justify mirror))
    )
    (pad 2 smd roundrect (at 1.025 0 90) (size 1.15 1.4) (layers B.Cu B.Paste B.Mask) (roundrect_rratio 0.217391)
      (net 5 GND))
    (pad 1 smd roundrect (at -1.025 0 90) (size 1.15 1.4) (layers B.Cu B.Paste B.Mask) (roundrect_rratio 0.217391)
      (net 1 +5V))
    (model ${KISYS3DMOD}/Capacitor_SMD.3dshapes/C_0805_2012Metric.wrl
      (at (xyz 0 0 0))
      (scale (xyz 1 1 1))
      (rotate (xyz 0 0 0))
    )
  )

  (module Capacitor_SMD:C_0805_2012Metric_Pad1.15x1.40mm_HandSolder (layer B.Cu) (tedit 5B36C52B) (tstamp 5DB19077)
    (at 173.6344 102.5144 270)
    (descr "Capacitor SMD 0805 (2012 Metric), square (rectangular) end terminal, IPC_7351 nominal with elongated pad for handsoldering. (Body size source: https://docs.google.com/spreadsheets/d/1BsfQQcO9C6DZCsRaXUlFlo91Tg2WpOkGARC1WS5S8t0/edit?usp=sharing), generated with kicad-footprint-generator")
    (tags "capacitor handsolder")
    (path /5FBFD6BD)
    (attr smd)
    (fp_text reference C3 (at 0 1.65 90) (layer B.SilkS)
      (effects (font (size 1 1) (thickness 0.15)) (justify mirror))
    )
    (fp_text value 47uF (at 0 -1.65 90) (layer B.Fab)
      (effects (font (size 1 1) (thickness 0.15)) (justify mirror))
    )
    (fp_line (start -1 -0.6) (end -1 0.6) (layer B.Fab) (width 0.1))
    (fp_line (start -1 0.6) (end 1 0.6) (layer B.Fab) (width 0.1))
    (fp_line (start 1 0.6) (end 1 -0.6) (layer B.Fab) (width 0.1))
    (fp_line (start 1 -0.6) (end -1 -0.6) (layer B.Fab) (width 0.1))
    (fp_line (start -0.261252 0.71) (end 0.261252 0.71) (layer B.SilkS) (width 0.12))
    (fp_line (start -0.261252 -0.71) (end 0.261252 -0.71) (layer B.SilkS) (width 0.12))
    (fp_line (start -1.85 -0.95) (end -1.85 0.95) (layer B.CrtYd) (width 0.05))
    (fp_line (start -1.85 0.95) (end 1.85 0.95) (layer B.CrtYd) (width 0.05))
    (fp_line (start 1.85 0.95) (end 1.85 -0.95) (layer B.CrtYd) (width 0.05))
    (fp_line (start 1.85 -0.95) (end -1.85 -0.95) (layer B.CrtYd) (width 0.05))
    (fp_text user %R (at 0 0 90) (layer B.Fab)
      (effects (font (size 0.5 0.5) (thickness 0.08)) (justify mirror))
    )
    (pad 1 smd roundrect (at -1.025 0 270) (size 1.15 1.4) (layers B.Cu B.Paste B.Mask) (roundrect_rratio 0.217391)
      (net 1 +5V))
    (pad 2 smd roundrect (at 1.025 0 270) (size 1.15 1.4) (layers B.Cu B.Paste B.Mask) (roundrect_rratio 0.217391)
      (net 5 GND))
    (model ${KISYS3DMOD}/Capacitor_SMD.3dshapes/C_0805_2012Metric.wrl
      (at (xyz 0 0 0))
      (scale (xyz 1 1 1))
      (rotate (xyz 0 0 0))
    )
  )

  (module Capacitor_SMD:C_0805_2012Metric_Pad1.15x1.40mm_HandSolder (layer B.Cu) (tedit 5B36C52B) (tstamp 5DB19088)
    (at 104.9782 174.498)
    (descr "Capacitor SMD 0805 (2012 Metric), square (rectangular) end terminal, IPC_7351 nominal with elongated pad for handsoldering. (Body size source: https://docs.google.com/spreadsheets/d/1BsfQQcO9C6DZCsRaXUlFlo91Tg2WpOkGARC1WS5S8t0/edit?usp=sharing), generated with kicad-footprint-generator")
    (tags "capacitor handsolder")
    (path /5FBFDB8C)
    (attr smd)
    (fp_text reference C4 (at 0 1.65) (layer B.SilkS)
      (effects (font (size 1 1) (thickness 0.15)) (justify mirror))
    )
    (fp_text value 47uF (at 0 -1.65) (layer B.Fab)
      (effects (font (size 1 1) (thickness 0.15)) (justify mirror))
    )
    (fp_line (start 1.85 -0.95) (end -1.85 -0.95) (layer B.CrtYd) (width 0.05))
    (fp_line (start 1.85 0.95) (end 1.85 -0.95) (layer B.CrtYd) (width 0.05))
    (fp_line (start -1.85 0.95) (end 1.85 0.95) (layer B.CrtYd) (width 0.05))
    (fp_line (start -1.85 -0.95) (end -1.85 0.95) (layer B.CrtYd) (width 0.05))
    (fp_line (start -0.261252 -0.71) (end 0.261252 -0.71) (layer B.SilkS) (width 0.12))
    (fp_line (start -0.261252 0.71) (end 0.261252 0.71) (layer B.SilkS) (width 0.12))
    (fp_line (start 1 -0.6) (end -1 -0.6) (layer B.Fab) (width 0.1))
    (fp_line (start 1 0.6) (end 1 -0.6) (layer B.Fab) (width 0.1))
    (fp_line (start -1 0.6) (end 1 0.6) (layer B.Fab) (width 0.1))
    (fp_line (start -1 -0.6) (end -1 0.6) (layer B.Fab) (width 0.1))
    (fp_text user %R (at 0 0) (layer B.Fab)
      (effects (font (size 0.5 0.5) (thickness 0.08)) (justify mirror))
    )
    (pad 2 smd roundrect (at 1.025 0) (size 1.15 1.4) (layers B.Cu B.Paste B.Mask) (roundrect_rratio 0.217391)
      (net 5 GND))
    (pad 1 smd roundrect (at -1.025 0) (size 1.15 1.4) (layers B.Cu B.Paste B.Mask) (roundrect_rratio 0.217391)
      (net 1 +5V))
    (model ${KISYS3DMOD}/Capacitor_SMD.3dshapes/C_0805_2012Metric.wrl
      (at (xyz 0 0 0))
      (scale (xyz 1 1 1))
      (rotate (xyz 0 0 0))
    )
  )

  (module Capacitor_SMD:C_0805_2012Metric_Pad1.15x1.40mm_HandSolder (layer F.Cu) (tedit 5B36C52B) (tstamp 5FAF35D7)
    (at 310.119001 -74.049999)
    (descr "Capacitor SMD 0805 (2012 Metric), square (rectangular) end terminal, IPC_7351 nominal with elongated pad for handsoldering. (Body size source: https://docs.google.com/spreadsheets/d/1BsfQQcO9C6DZCsRaXUlFlo91Tg2WpOkGARC1WS5S8t0/edit?usp=sharing), generated with kicad-footprint-generator")
    (tags "capacitor handsolder")
    (path /5FBFD118)
    (attr smd)
    (fp_text reference C2 (at 0 -1.65) (layer F.SilkS)
      (effects (font (size 1 1) (thickness 0.15)))
    )
    (fp_text value 47uF (at 0 1.65) (layer F.Fab)
      (effects (font (size 1 1) (thickness 0.15)))
    )
    (fp_line (start -1 0.6) (end -1 -0.6) (layer F.Fab) (width 0.1))
    (fp_line (start -1 -0.6) (end 1 -0.6) (layer F.Fab) (width 0.1))
    (fp_line (start 1 -0.6) (end 1 0.6) (layer F.Fab) (width 0.1))
    (fp_line (start 1 0.6) (end -1 0.6) (layer F.Fab) (width 0.1))
    (fp_line (start -0.261252 -0.71) (end 0.261252 -0.71) (layer F.SilkS) (width 0.12))
    (fp_line (start -0.261252 0.71) (end 0.261252 0.71) (layer F.SilkS) (width 0.12))
    (fp_line (start -1.85 0.95) (end -1.85 -0.95) (layer F.CrtYd) (width 0.05))
    (fp_line (start -1.85 -0.95) (end 1.85 -0.95) (layer F.CrtYd) (width 0.05))
    (fp_line (start 1.85 -0.95) (end 1.85 0.95) (layer F.CrtYd) (width 0.05))
    (fp_line (start 1.85 0.95) (end -1.85 0.95) (layer F.CrtYd) (width 0.05))
    (fp_text user %R (at 0 0) (layer F.Fab)
      (effects (font (size 0.5 0.5) (thickness 0.08)))
    )
    (pad 1 smd roundrect (at -1.025 0) (size 1.15 1.4) (layers F.Cu F.Paste F.Mask) (roundrect_rratio 0.217391)
      (net 1 +5V))
    (pad 2 smd roundrect (at 1.025 0) (size 1.15 1.4) (layers F.Cu F.Paste F.Mask) (roundrect_rratio 0.217391)
      (net 5 GND))
    (model ${KISYS3DMOD}/Capacitor_SMD.3dshapes/C_0805_2012Metric.wrl
      (at (xyz 0 0 0))
      (scale (xyz 1 1 1))
      (rotate (xyz 0 0 0))
    )
  )

  (module Capacitor_SMD:C_0805_2012Metric_Pad1.15x1.40mm_HandSolder (layer F.Cu) (tedit 5B36C52B) (tstamp 5FAF35E8)
    (at 207.219001 -80.969999)
    (descr "Capacitor SMD 0805 (2012 Metric), square (rectangular) end terminal, IPC_7351 nominal with elongated pad for handsoldering. (Body size source: https://docs.google.com/spreadsheets/d/1BsfQQcO9C6DZCsRaXUlFlo91Tg2WpOkGARC1WS5S8t0/edit?usp=sharing), generated with kicad-footprint-generator")
    (tags "capacitor handsolder")
    (path /5FBFD6BD)
    (attr smd)
    (fp_text reference C3 (at 0 -1.65) (layer F.SilkS)
      (effects (font (size 1 1) (thickness 0.15)))
    )
    (fp_text value 47uF (at 0 1.65) (layer F.Fab)
      (effects (font (size 1 1) (thickness 0.15)))
    )
    (fp_text user %R (at 0 0) (layer F.Fab)
      (effects (font (size 0.5 0.5) (thickness 0.08)))
    )
    (fp_line (start 1.85 0.95) (end -1.85 0.95) (layer F.CrtYd) (width 0.05))
    (fp_line (start 1.85 -0.95) (end 1.85 0.95) (layer F.CrtYd) (width 0.05))
    (fp_line (start -1.85 -0.95) (end 1.85 -0.95) (layer F.CrtYd) (width 0.05))
    (fp_line (start -1.85 0.95) (end -1.85 -0.95) (layer F.CrtYd) (width 0.05))
    (fp_line (start -0.261252 0.71) (end 0.261252 0.71) (layer F.SilkS) (width 0.12))
    (fp_line (start -0.261252 -0.71) (end 0.261252 -0.71) (layer F.SilkS) (width 0.12))
    (fp_line (start 1 0.6) (end -1 0.6) (layer F.Fab) (width 0.1))
    (fp_line (start 1 -0.6) (end 1 0.6) (layer F.Fab) (width 0.1))
    (fp_line (start -1 -0.6) (end 1 -0.6) (layer F.Fab) (width 0.1))
    (fp_line (start -1 0.6) (end -1 -0.6) (layer F.Fab) (width 0.1))
    (pad 2 smd roundrect (at 1.025 0) (size 1.15 1.4) (layers F.Cu F.Paste F.Mask) (roundrect_rratio 0.217391)
      (net 5 GND))
    (pad 1 smd roundrect (at -1.025 0) (size 1.15 1.4) (layers F.Cu F.Paste F.Mask) (roundrect_rratio 0.217391)
      (net 1 +5V))
    (model ${KISYS3DMOD}/Capacitor_SMD.3dshapes/C_0805_2012Metric.wrl
      (at (xyz 0 0 0))
      (scale (xyz 1 1 1))
      (rotate (xyz 0 0 0))
    )
  )

  (module Capacitor_SMD:C_0805_2012Metric_Pad1.15x1.40mm_HandSolder (layer F.Cu) (tedit 5B36C52B) (tstamp 5FAF35F9)
    (at 195.389001 -64.799999)
    (descr "Capacitor SMD 0805 (2012 Metric), square (rectangular) end terminal, IPC_7351 nominal with elongated pad for handsoldering. (Body size source: https://docs.google.com/spreadsheets/d/1BsfQQcO9C6DZCsRaXUlFlo91Tg2WpOkGARC1WS5S8t0/edit?usp=sharing), generated with kicad-footprint-generator")
    (tags "capacitor handsolder")
    (path /5FBFDB8C)
    (attr smd)
    (fp_text reference C4 (at 0 -1.65) (layer F.SilkS)
      (effects (font (size 1 1) (thickness 0.15)))
    )
    (fp_text value 47uF (at 0 1.65) (layer F.Fab)
      (effects (font (size 1 1) (thickness 0.15)))
    )
    (fp_line (start -1 0.6) (end -1 -0.6) (layer F.Fab) (width 0.1))
    (fp_line (start -1 -0.6) (end 1 -0.6) (layer F.Fab) (width 0.1))
    (fp_line (start 1 -0.6) (end 1 0.6) (layer F.Fab) (width 0.1))
    (fp_line (start 1 0.6) (end -1 0.6) (layer F.Fab) (width 0.1))
    (fp_line (start -0.261252 -0.71) (end 0.261252 -0.71) (layer F.SilkS) (width 0.12))
    (fp_line (start -0.261252 0.71) (end 0.261252 0.71) (layer F.SilkS) (width 0.12))
    (fp_line (start -1.85 0.95) (end -1.85 -0.95) (layer F.CrtYd) (width 0.05))
    (fp_line (start -1.85 -0.95) (end 1.85 -0.95) (layer F.CrtYd) (width 0.05))
    (fp_line (start 1.85 -0.95) (end 1.85 0.95) (layer F.CrtYd) (width 0.05))
    (fp_line (start 1.85 0.95) (end -1.85 0.95) (layer F.CrtYd) (width 0.05))
    (fp_text user %R (at 0 0) (layer F.Fab)
      (effects (font (size 0.5 0.5) (thickness 0.08)))
    )
    (pad 1 smd roundrect (at -1.025 0) (size 1.15 1.4) (layers F.Cu F.Paste F.Mask) (roundrect_rratio 0.217391)
      (net 1 +5V))
    (pad 2 smd roundrect (at 1.025 0) (size 1.15 1.4) (layers F.Cu F.Paste F.Mask) (roundrect_rratio 0.217391)
      (net 5 GND))
    (model ${KISYS3DMOD}/Capacitor_SMD.3dshapes/C_0805_2012Metric.wrl
      (at (xyz 0 0 0))
      (scale (xyz 1 1 1))
      (rotate (xyz 0 0 0))
    )
  )

  (module Capacitor_SMD:CP_Elec_8x10 (layer F.Cu) (tedit 5BCA39D0) (tstamp 5FAF3621)
    (at 199.074001 -83.839999)
    (descr "SMD capacitor, aluminum electrolytic, Nichicon, 8.0x10mm")
    (tags "capacitor electrolytic")
    (path /5FD9A42E)
    (attr smd)
    (fp_text reference C5 (at 0 -5.2) (layer F.SilkS)
      (effects (font (size 1 1) (thickness 0.15)))
    )
    (fp_text value C_Polarized (at 0 5.2) (layer F.Fab)
      (effects (font (size 1 1) (thickness 0.15)))
    )
    (fp_circle (center 0 0) (end 4 0) (layer F.Fab) (width 0.1))
    (fp_line (start 4.15 -4.15) (end 4.15 4.15) (layer F.Fab) (width 0.1))
    (fp_line (start -3.15 -4.15) (end 4.15 -4.15) (layer F.Fab) (width 0.1))
    (fp_line (start -3.15 4.15) (end 4.15 4.15) (layer F.Fab) (width 0.1))
    (fp_line (start -4.15 -3.15) (end -4.15 3.15) (layer F.Fab) (width 0.1))
    (fp_line (start -4.15 -3.15) (end -3.15 -4.15) (layer F.Fab) (width 0.1))
    (fp_line (start -4.15 3.15) (end -3.15 4.15) (layer F.Fab) (width 0.1))
    (fp_line (start -3.562278 -1.5) (end -2.762278 -1.5) (layer F.Fab) (width 0.1))
    (fp_line (start -3.162278 -1.9) (end -3.162278 -1.1) (layer F.Fab) (width 0.1))
    (fp_line (start 4.26 4.26) (end 4.26 1.51) (layer F.SilkS) (width 0.12))
    (fp_line (start 4.26 -4.26) (end 4.26 -1.51) (layer F.SilkS) (width 0.12))
    (fp_line (start -3.195563 -4.26) (end 4.26 -4.26) (layer F.SilkS) (width 0.12))
    (fp_line (start -3.195563 4.26) (end 4.26 4.26) (layer F.SilkS) (width 0.12))
    (fp_line (start -4.26 3.195563) (end -4.26 1.51) (layer F.SilkS) (width 0.12))
    (fp_line (start -4.26 -3.195563) (end -4.26 -1.51) (layer F.SilkS) (width 0.12))
    (fp_line (start -4.26 -3.195563) (end -3.195563 -4.26) (layer F.SilkS) (width 0.12))
    (fp_line (start -4.26 3.195563) (end -3.195563 4.26) (layer F.SilkS) (width 0.12))
    (fp_line (start -5.5 -2.51) (end -4.5 -2.51) (layer F.SilkS) (width 0.12))
    (fp_line (start -5 -3.01) (end -5 -2.01) (layer F.SilkS) (width 0.12))
    (fp_line (start 4.4 -4.4) (end 4.4 -1.5) (layer F.CrtYd) (width 0.05))
    (fp_line (start 4.4 -1.5) (end 5.25 -1.5) (layer F.CrtYd) (width 0.05))
    (fp_line (start 5.25 -1.5) (end 5.25 1.5) (layer F.CrtYd) (width 0.05))
    (fp_line (start 5.25 1.5) (end 4.4 1.5) (layer F.CrtYd) (width 0.05))
    (fp_line (start 4.4 1.5) (end 4.4 4.4) (layer F.CrtYd) (width 0.05))
    (fp_line (start -3.25 4.4) (end 4.4 4.4) (layer F.CrtYd) (width 0.05))
    (fp_line (start -3.25 -4.4) (end 4.4 -4.4) (layer F.CrtYd) (width 0.05))
    (fp_line (start -4.4 3.25) (end -3.25 4.4) (layer F.CrtYd) (width 0.05))
    (fp_line (start -4.4 -3.25) (end -3.25 -4.4) (layer F.CrtYd) (width 0.05))
    (fp_line (start -4.4 -3.25) (end -4.4 -1.5) (layer F.CrtYd) (width 0.05))
    (fp_line (start -4.4 1.5) (end -4.4 3.25) (layer F.CrtYd) (width 0.05))
    (fp_line (start -4.4 -1.5) (end -5.25 -1.5) (layer F.CrtYd) (width 0.05))
    (fp_line (start -5.25 -1.5) (end -5.25 1.5) (layer F.CrtYd) (width 0.05))
    (fp_line (start -5.25 1.5) (end -4.4 1.5) (layer F.CrtYd) (width 0.05))
    (fp_text user %R (at 0 0) (layer F.Fab)
      (effects (font (size 1 1) (thickness 0.15)))
    )
    (pad 1 smd roundrect (at -3.25 0) (size 3.5 2.5) (layers F.Cu F.Paste F.Mask) (roundrect_rratio 0.1)
      (net 15 /+5V_SUPPLY))
    (pad 2 smd roundrect (at 3.25 0) (size 3.5 2.5) (layers F.Cu F.Paste F.Mask) (roundrect_rratio 0.1)
      (net 16 GNDA))
    (model ${KISYS3DMOD}/Capacitor_SMD.3dshapes/CP_Elec_8x10.wrl
      (at (xyz 0 0 0))
      (scale (xyz 1 1 1))
      (rotate (xyz 0 0 0))
    )
  )

  (module LED_THT:LED_D3.0mm (layer F.Cu) (tedit 587A3A7B) (tstamp 5FAF3634)
    (at 199.879001 -17.759999)
    (descr "LED, diameter 3.0mm, 2 pins")
    (tags "LED diameter 3.0mm 2 pins")
    (path /5FD9C14C)
    (fp_text reference D1 (at 1.27 -2.96) (layer F.SilkS)
      (effects (font (size 1 1) (thickness 0.15)))
    )
    (fp_text value LED (at 1.27 2.96) (layer F.Fab)
      (effects (font (size 1 1) (thickness 0.15)))
    )
    (fp_arc (start 1.27 0) (end -0.23 -1.16619) (angle 284.3) (layer F.Fab) (width 0.1))
    (fp_arc (start 1.27 0) (end -0.29 -1.235516) (angle 108.8) (layer F.SilkS) (width 0.12))
    (fp_arc (start 1.27 0) (end -0.29 1.235516) (angle -108.8) (layer F.SilkS) (width 0.12))
    (fp_arc (start 1.27 0) (end 0.229039 -1.08) (angle 87.9) (layer F.SilkS) (width 0.12))
    (fp_arc (start 1.27 0) (end 0.229039 1.08) (angle -87.9) (layer F.SilkS) (width 0.12))
    (fp_circle (center 1.27 0) (end 2.77 0) (layer F.Fab) (width 0.1))
    (fp_line (start -0.23 -1.16619) (end -0.23 1.16619) (layer F.Fab) (width 0.1))
    (fp_line (start -0.29 -1.236) (end -0.29 -1.08) (layer F.SilkS) (width 0.12))
    (fp_line (start -0.29 1.08) (end -0.29 1.236) (layer F.SilkS) (width 0.12))
    (fp_line (start -1.15 -2.25) (end -1.15 2.25) (layer F.CrtYd) (width 0.05))
    (fp_line (start -1.15 2.25) (end 3.7 2.25) (layer F.CrtYd) (width 0.05))
    (fp_line (start 3.7 2.25) (end 3.7 -2.25) (layer F.CrtYd) (width 0.05))
    (fp_line (start 3.7 -2.25) (end -1.15 -2.25) (layer F.CrtYd) (width 0.05))
    (pad 1 thru_hole rect (at 0 0) (size 1.8 1.8) (drill 0.9) (layers *.Cu *.Mask)
      (net 17 "Net-(D1-Pad1)"))
    (pad 2 thru_hole circle (at 2.54 0) (size 1.8 1.8) (drill 0.9) (layers *.Cu *.Mask)
      (net 15 /+5V_SUPPLY))
    (model ${KISYS3DMOD}/LED_THT.3dshapes/LED_D3.0mm.wrl
      (at (xyz 0 0 0))
      (scale (xyz 1 1 1))
      (rotate (xyz 0 0 0))
    )
  )

  (module LED_SMD:LED_WS2812B_PLCC4_5.0x5.0mm_P3.2mm (layer F.Cu) (tedit 5AA4B285) (tstamp 5FAF364B)
    (at 247.474001 -85.454999)
    (descr https://cdn-shop.adafruit.com/datasheets/WS2812B.pdf)
    (tags "LED RGB NeoPixel")
    (path /5FD9AE44)
    (attr smd)
    (fp_text reference D2 (at 0 -3.5) (layer F.SilkS)
      (effects (font (size 1 1) (thickness 0.15)))
    )
    (fp_text value WS2812B-MINI (at 0 4) (layer F.Fab)
      (effects (font (size 1 1) (thickness 0.15)))
    )
    (fp_circle (center 0 0) (end 0 -2) (layer F.Fab) (width 0.1))
    (fp_line (start 3.65 2.75) (end 3.65 1.6) (layer F.SilkS) (width 0.12))
    (fp_line (start -3.65 2.75) (end 3.65 2.75) (layer F.SilkS) (width 0.12))
    (fp_line (start -3.65 -2.75) (end 3.65 -2.75) (layer F.SilkS) (width 0.12))
    (fp_line (start 2.5 -2.5) (end -2.5 -2.5) (layer F.Fab) (width 0.1))
    (fp_line (start 2.5 2.5) (end 2.5 -2.5) (layer F.Fab) (width 0.1))
    (fp_line (start -2.5 2.5) (end 2.5 2.5) (layer F.Fab) (width 0.1))
    (fp_line (start -2.5 -2.5) (end -2.5 2.5) (layer F.Fab) (width 0.1))
    (fp_line (start 2.5 1.5) (end 1.5 2.5) (layer F.Fab) (width 0.1))
    (fp_line (start -3.45 -2.75) (end -3.45 2.75) (layer F.CrtYd) (width 0.05))
    (fp_line (start -3.45 2.75) (end 3.45 2.75) (layer F.CrtYd) (width 0.05))
    (fp_line (start 3.45 2.75) (end 3.45 -2.75) (layer F.CrtYd) (width 0.05))
    (fp_line (start 3.45 -2.75) (end -3.45 -2.75) (layer F.CrtYd) (width 0.05))
    (fp_text user %R (at 0 0) (layer F.Fab)
      (effects (font (size 0.8 0.8) (thickness 0.15)))
    )
    (fp_text user 1 (at -4.15 -1.6) (layer F.SilkS)
      (effects (font (size 1 1) (thickness 0.15)))
    )
    (pad 1 smd rect (at -2.45 -1.6) (size 1.5 1) (layers F.Cu F.Paste F.Mask)
      (net 15 /+5V_SUPPLY))
    (pad 2 smd rect (at -2.45 1.6) (size 1.5 1) (layers F.Cu F.Paste F.Mask)
      (net 18 "Net-(D2-Pad2)"))
    (pad 4 smd rect (at 2.45 -1.6) (size 1.5 1) (layers F.Cu F.Paste F.Mask)
      (net 19 /DIN))
    (pad 3 smd rect (at 2.45 1.6) (size 1.5 1) (layers F.Cu F.Paste F.Mask)
      (net 16 GNDA))
    (model ${KISYS3DMOD}/LED_SMD.3dshapes/LED_WS2812B_PLCC4_5.0x5.0mm_P3.2mm.wrl
      (at (xyz 0 0 0))
      (scale (xyz 1 1 1))
      (rotate (xyz 0 0 0))
    )
  )

  (module LED_SMD:LED_WS2812B_PLCC4_5.0x5.0mm_P3.2mm (layer F.Cu) (tedit 5AA4B285) (tstamp 5FAF3662)
    (at 195.574001 -40.394999)
    (descr https://cdn-shop.adafruit.com/datasheets/WS2812B.pdf)
    (tags "LED RGB NeoPixel")
    (path /5FB23BD7)
    (attr smd)
    (fp_text reference D3 (at 0 -3.5) (layer F.SilkS)
      (effects (font (size 1 1) (thickness 0.15)))
    )
    (fp_text value WS2812B-MINI (at 0 4) (layer F.Fab)
      (effects (font (size 1 1) (thickness 0.15)))
    )
    (fp_text user 1 (at -4.15 -1.6) (layer F.SilkS)
      (effects (font (size 1 1) (thickness 0.15)))
    )
    (fp_text user %R (at 0 0) (layer F.Fab)
      (effects (font (size 0.8 0.8) (thickness 0.15)))
    )
    (fp_line (start 3.45 -2.75) (end -3.45 -2.75) (layer F.CrtYd) (width 0.05))
    (fp_line (start 3.45 2.75) (end 3.45 -2.75) (layer F.CrtYd) (width 0.05))
    (fp_line (start -3.45 2.75) (end 3.45 2.75) (layer F.CrtYd) (width 0.05))
    (fp_line (start -3.45 -2.75) (end -3.45 2.75) (layer F.CrtYd) (width 0.05))
    (fp_line (start 2.5 1.5) (end 1.5 2.5) (layer F.Fab) (width 0.1))
    (fp_line (start -2.5 -2.5) (end -2.5 2.5) (layer F.Fab) (width 0.1))
    (fp_line (start -2.5 2.5) (end 2.5 2.5) (layer F.Fab) (width 0.1))
    (fp_line (start 2.5 2.5) (end 2.5 -2.5) (layer F.Fab) (width 0.1))
    (fp_line (start 2.5 -2.5) (end -2.5 -2.5) (layer F.Fab) (width 0.1))
    (fp_line (start -3.65 -2.75) (end 3.65 -2.75) (layer F.SilkS) (width 0.12))
    (fp_line (start -3.65 2.75) (end 3.65 2.75) (layer F.SilkS) (width 0.12))
    (fp_line (start 3.65 2.75) (end 3.65 1.6) (layer F.SilkS) (width 0.12))
    (fp_circle (center 0 0) (end 0 -2) (layer F.Fab) (width 0.1))
    (pad 3 smd rect (at 2.45 1.6) (size 1.5 1) (layers F.Cu F.Paste F.Mask)
      (net 16 GNDA))
    (pad 4 smd rect (at 2.45 -1.6) (size 1.5 1) (layers F.Cu F.Paste F.Mask)
      (net 18 "Net-(D2-Pad2)"))
    (pad 2 smd rect (at -2.45 1.6) (size 1.5 1) (layers F.Cu F.Paste F.Mask)
      (net 20 "Net-(D3-Pad2)"))
    (pad 1 smd rect (at -2.45 -1.6) (size 1.5 1) (layers F.Cu F.Paste F.Mask)
      (net 15 /+5V_SUPPLY))
    (model ${KISYS3DMOD}/LED_SMD.3dshapes/LED_WS2812B_PLCC4_5.0x5.0mm_P3.2mm.wrl
      (at (xyz 0 0 0))
      (scale (xyz 1 1 1))
      (rotate (xyz 0 0 0))
    )
  )

  (module LED_SMD:LED_WS2812B_PLCC4_5.0x5.0mm_P3.2mm (layer F.Cu) (tedit 5AA4B285) (tstamp 5FAF3679)
    (at 236.174001 -72.214999)
